-- @@@ START COPYRIGHT @@@
--
-- Licensed to the Apache Software Foundation (ASF) under one
-- or more contributor license agreements.  See the NOTICE file
-- distributed with this work for additional information
-- regarding copyright ownership.  The ASF licenses this file
-- to you under the Apache License, Version 2.0 (the
-- "License"); you may not use this file except in compliance
-- with the License.  You may obtain a copy of the License at
--
--   http://www.apache.org/licenses/LICENSE-2.0
--
-- Unless required by applicable law or agreed to in writing,
-- software distributed under the License is distributed on an
-- "AS IS" BASIS, WITHOUT WARRANTIES OR CONDITIONS OF ANY
-- KIND, either express or implied.  See the License for the
-- specific language governing permissions and limitations
-- under the License.
--
-- @@@ END COPYRIGHT @@@
1, 1
2, 2
3, 3
4, 4
5, 5
6, 6
7, 7
8, 8
9, 9
10, 10
11, 11
12, 12
13, 13
14, 14
15, 15
16, 16
17, 17
18, 18
19, 19
20, 20
21, 21
22, 22
23, 23
24, 24
25, 25
26, 26
27, 27
28, 28
29, 29
30, 30
31, 31
32, 32
33, 33
34, 34
35, 35
36, 36
37, 37
38, 38
39, 39
40, 40
41, 41
42, 42
43, 43
44, 44
45, 45
46, 46
47, 47
48, 48
49, 49
50, 50
51, 51
52, 52
53, 53
54, 54
55, 55
56, 56
57, 57
58, 58
59, 59
60, 60
61, 61
62, 62
63, 63
64, 64
65, 65
66, 66
67, 67
68, 68
69, 69
70, 70
71, 71
72, 72
73, 73
74, 74
75, 75
76, 76
77, 77
78, 78
79, 79
80, 80
81, 81
82, 82
83, 83
84, 84
85, 85
86, 86
87, 87
88, 88
89, 89
90, 90
91, 91
92, 92
93, 93
94, 94
95, 95
96, 96
97, 97
98, 98
99, 99
100, 10
101, 10
102, 10
103, 10
104, 10
105, 10
106, 10
107, 10
108, 10
109, 10
110, 11
111, 11
112, 11
113, 11
114, 11
115, 11
116, 11
117, 11
118, 11
119, 11
120, 12
121, 12
122, 12
123, 12
124, 12
125, 12
126, 12
127, 12
128, 12
129, 12
130, 13
131, 13
132, 13
133, 13
134, 13
135, 13
136, 13
137, 13
138, 13
139, 13
140, 14
141, 14
142, 14
143, 14
144, 14
145, 14
146, 14
147, 14
148, 14
149, 14
150, 15
151, 15
152, 15
153, 15
154, 15
155, 15
156, 15
157, 15
158, 15
159, 15
160, 16
161, 16
162, 16
163, 16
164, 16
165, 16
166, 16
167, 16
168, 16
169, 16
170, 17
171, 17
172, 17
173, 17
174, 17
175, 17
176, 17
177, 17
178, 17
179, 17
180, 18
181, 18
182, 18
183, 18
184, 18
185, 18
186, 18
187, 18
188, 18
189, 18
190, 19
191, 19
192, 19
193, 19
194, 19
195, 19
196, 19
197, 19
198, 19
199, 19
200, 20
201, 20
202, 20
203, 20
204, 20
205, 20
206, 20
207, 20
208, 20
209, 20
210, 21
211, 21
212, 21
213, 21
214, 21
215, 21
216, 21
217, 21
218, 21
219, 21
220, 22
221, 22
222, 22
223, 22
224, 22
225, 22
226, 22
227, 22
228, 22
229, 22
230, 23
231, 23
232, 23
233, 23
234, 23
235, 23
236, 23
237, 23
238, 23
239, 23
240, 24
241, 24
242, 24
243, 24
244, 24
245, 24
246, 24
247, 24
248, 24
249, 24
250, 25
251, 25
252, 25
253, 25
254, 25
255, 25
256, 25
257, 25
258, 25
259, 25
260, 26
261, 26
262, 26
263, 26
264, 26
265, 26
266, 26
267, 26
268, 26
269, 26
270, 27
271, 27
272, 27
273, 27
274, 27
275, 27
276, 27
277, 27
278, 27
279, 27
280, 28
281, 28
282, 28
283, 28
284, 28
285, 28
286, 28
287, 28
288, 28
289, 28
290, 29
291, 29
292, 29
293, 29
294, 29
295, 29
296, 29
297, 29
298, 29
299, 29
300, 30
301, 30
302, 30
303, 30
304, 30
305, 30
306, 30
307, 30
308, 30
309, 30
310, 31
311, 31
312, 31
313, 31
314, 31
315, 31
316, 31
317, 31
318, 31
319, 31
320, 32
321, 32
322, 32
323, 32
324, 32
325, 32
326, 32
327, 32
328, 32
329, 32
330, 33
331, 33
332, 33
333, 33
334, 33
335, 33
336, 33
337, 33
338, 33
339, 33
340, 34
341, 34
342, 34
343, 34
344, 34
345, 34
346, 34
347, 34
348, 34
349, 34
350, 35
351, 35
352, 35
353, 35
354, 35
355, 35
356, 35
357, 35
358, 35
359, 35
360, 36
361, 36
362, 36
363, 36
364, 36
365, 36
366, 36
367, 36
368, 36
369, 36
370, 37
371, 37
372, 37
373, 37
374, 37
375, 37
376, 37
377, 37
378, 37
379, 37
380, 38
381, 38
382, 38
383, 38
384, 38
385, 38
386, 38
387, 38
388, 38
389, 38
390, 39
391, 39
392, 39
393, 39
394, 39
395, 39
396, 39
397, 39
398, 39
399, 39
400, 40
401, 40
402, 40
403, 40
404, 40
405, 40
406, 40
407, 40
408, 40
409, 40
410, 41
411, 41
412, 41
413, 41
414, 41
415, 41
416, 41
417, 41
418, 41
419, 41
420, 42
421, 42
422, 42
423, 42
424, 42
425, 42
426, 42
427, 42
428, 42
429, 42
430, 43
431, 43
432, 43
433, 43
434, 43
435, 43
436, 43
437, 43
438, 43
439, 43
440, 44
441, 44
442, 44
443, 44
444, 44
445, 44
446, 44
447, 44
448, 44
449, 44
450, 45
451, 45
452, 45
453, 45
454, 45
455, 45
456, 45
457, 45
458, 45
459, 45
460, 46
461, 46
462, 46
463, 46
464, 46
465, 46
466, 46
467, 46
468, 46
469, 46
470, 47
471, 47
472, 47
473, 47
474, 47
475, 47
476, 47
477, 47
478, 47
479, 47
480, 48
481, 48
482, 48
483, 48
484, 48
485, 48
486, 48
487, 48
488, 48
489, 48
490, 49
491, 49
492, 49
493, 49
494, 49
495, 49
496, 49
497, 49
498, 49
499, 49
500, 50
501, 50
502, 50
503, 50
504, 50
505, 50
506, 50
507, 50
508, 50
509, 50
510, 51
511, 51
512, 51
513, 51
514, 51
515, 51
516, 51
517, 51
518, 51
519, 51
520, 52
521, 52
522, 52
523, 52
524, 52
525, 52
526, 52
527, 52
528, 52
529, 52
530, 53
531, 53
532, 53
533, 53
534, 53
535, 53
536, 53
537, 53
538, 53
539, 53
540, 54
541, 54
542, 54
543, 54
544, 54
545, 54
546, 54
547, 54
548, 54
549, 54
550, 55
551, 55
552, 55
553, 55
554, 55
555, 55
556, 55
557, 55
558, 55
559, 55
560, 56
561, 56
562, 56
563, 56
564, 56
565, 56
566, 56
567, 56
568, 56
569, 56
570, 57
571, 57
572, 57
573, 57
574, 57
575, 57
576, 57
577, 57
578, 57
579, 57
580, 58
581, 58
582, 58
583, 58
584, 58
585, 58
586, 58
587, 58
588, 58
589, 58
590, 59
591, 59
592, 59
593, 59
594, 59
595, 59
596, 59
597, 59
598, 59
599, 59
600, 60
601, 60
602, 60
603, 60
604, 60
605, 60
606, 60
607, 60
608, 60
609, 60
610, 61
611, 61
612, 61
613, 61
614, 61
615, 61
616, 61
617, 61
618, 61
619, 61
620, 62
621, 62
622, 62
623, 62
624, 62
625, 62
626, 62
627, 62
628, 62
629, 62
630, 63
631, 63
632, 63
633, 63
634, 63
635, 63
636, 63
637, 63
638, 63
639, 63
640, 64
641, 64
642, 64
643, 64
644, 64
645, 64
646, 64
647, 64
648, 64
649, 64
650, 65
651, 65
652, 65
653, 65
654, 65
655, 65
656, 65
657, 65
658, 65
659, 65
660, 66
661, 66
662, 66
663, 66
664, 66
665, 66
666, 66
667, 66
668, 66
669, 66
670, 67
671, 67
672, 67
673, 67
674, 67
675, 67
676, 67
677, 67
678, 67
679, 67
680, 68
681, 68
682, 68
683, 68
684, 68
685, 68
686, 68
687, 68
688, 68
689, 68
690, 69
691, 69
692, 69
693, 69
694, 69
695, 69
696, 69
697, 69
698, 69
699, 69
700, 70
701, 70
702, 70
703, 70
704, 70
705, 70
706, 70
707, 70
708, 70
709, 70
710, 71
711, 71
712, 71
713, 71
714, 71
715, 71
716, 71
717, 71
718, 71
719, 71
720, 72
721, 72
722, 72
723, 72
724, 72
725, 72
726, 72
727, 72
728, 72
729, 72
730, 73
731, 73
732, 73
733, 73
734, 73
735, 73
736, 73
737, 73
738, 73
739, 73
740, 74
741, 74
742, 74
743, 74
744, 74
745, 74
746, 74
747, 74
748, 74
749, 74
750, 75
751, 75
752, 75
753, 75
754, 75
755, 75
756, 75
757, 75
758, 75
759, 75
760, 76
761, 76
762, 76
763, 76
764, 76
765, 76
766, 76
767, 76
768, 76
769, 76
770, 77
771, 77
772, 77
773, 77
774, 77
775, 77
776, 77
777, 77
778, 77
779, 77
780, 78
781, 78
782, 78
783, 78
784, 78
785, 78
786, 78
787, 78
788, 78
789, 78
790, 79
791, 79
792, 79
793, 79
794, 79
795, 79
796, 79
797, 79
798, 79
799, 79
800, 80
801, 80
802, 80
803, 80
804, 80
805, 80
806, 80
807, 80
808, 80
809, 80
810, 81
811, 81
812, 81
813, 81
814, 81
815, 81
816, 81
817, 81
818, 81
819, 81
820, 82
821, 82
822, 82
823, 82
824, 82
825, 82
826, 82
827, 82
828, 82
829, 82
830, 83
831, 83
832, 83
833, 83
834, 83
835, 83
836, 83
837, 83
838, 83
839, 83
840, 84
841, 84
842, 84
843, 84
844, 84
845, 84
846, 84
847, 84
848, 84
849, 84
850, 85
851, 85
852, 85
853, 85
854, 85
855, 85
856, 85
857, 85
858, 85
859, 85
860, 86
861, 86
862, 86
863, 86
864, 86
865, 86
866, 86
867, 86
868, 86
869, 86
870, 87
871, 87
872, 87
873, 87
874, 87
875, 87
876, 87
877, 87
878, 87
879, 87
880, 88
881, 88
882, 88
883, 88
884, 88
885, 88
886, 88
887, 88
888, 88
889, 88
890, 89
891, 89
892, 89
893, 89
894, 89
895, 89
896, 89
897, 89
898, 89
899, 89
900, 90
901, 90
902, 90
903, 90
904, 90
905, 90
906, 90
907, 90
908, 90
909, 90
910, 91
911, 91
912, 91
913, 91
914, 91
915, 91
916, 91
917, 91
918, 91
919, 91
920, 92
921, 92
922, 92
923, 92
924, 92
925, 92
926, 92
927, 92
928, 92
929, 92
930, 93
931, 93
932, 93
933, 93
934, 93
935, 93
936, 93
937, 93
938, 93
939, 93
940, 94
941, 94
942, 94
943, 94
944, 94
945, 94
946, 94
947, 94
948, 94
949, 94
950, 95
951, 95
952, 95
953, 95
954, 95
955, 95
956, 95
957, 95
958, 95
959, 95
960, 96
961, 96
962, 96
963, 96
964, 96
965, 96
966, 96
967, 96
968, 96
969, 96
970, 97
971, 97
972, 97
973, 97
974, 97
975, 97
976, 97
977, 97
978, 97
979, 97
980, 98
981, 98
982, 98
983, 98
984, 98
985, 98
986, 98
987, 98
988, 98
989, 98
990, 99
991, 99
992, 99
993, 99
994, 99
995, 99
996, 99
997, 99
998, 99
999, 99
1000, 1000
1001, 1001
1002, 1002
1003, 1003
1004, 1004
1005, 1005
1006, 1006
1007, 1007
1008, 1008
1009, 1009
1010, 1010
1011, 1011
1012, 1012
1013, 1013
1014, 1014
1015, 1015
1016, 1016
1017, 1017
1018, 1018
1019, 1019
1020, 1020
1021, 1021
1022, 1022
1023, 1023
1024, 1024
1025, 1025
1026, 1026
1027, 1027
1028, 1028
1029, 1029
1030, 1030
1031, 1031
1032, 1032
1033, 1033
1034, 1034
1035, 1035
1036, 1036
1037, 1037
1038, 1038
1039, 1039
1040, 1040
1041, 1041
1042, 1042
1043, 1043
1044, 1044
1045, 1045
1046, 1046
1047, 1047
1048, 1048
1049, 1049
1050, 1050
1051, 1051
1052, 1052
1053, 1053
1054, 1054
1055, 1055
1056, 1056
1057, 1057
1058, 1058
1059, 1059
1060, 1060
1061, 1061
1062, 1062
1063, 1063
1064, 1064
1065, 1065
1066, 1066
1067, 1067
1068, 1068
1069, 1069
1070, 1070
1071, 1071
1072, 1072
1073, 1073
1074, 1074
1075, 1075
1076, 1076
1077, 1077
1078, 1078
1079, 1079
1080, 1080
1081, 1081
1082, 1082
1083, 1083
1084, 1084
1085, 1085
1086, 1086
1087, 1087
1088, 1088
1089, 1089
1090, 1090
1091, 1091
1092, 1092
1093, 1093
1094, 1094
1095, 1095
1096, 1096
1097, 1097
1098, 1098
1099, 1099
1100, 1100
1101, 1101
1102, 1102
1103, 1103
1104, 1104
1105, 1105
1106, 1106
1107, 1107
1108, 1108
1109, 1109
1110, 1110
1111, 1111
1112, 1112
1113, 1113
1114, 1114
1115, 1115
1116, 1116
1117, 1117
1118, 1118
1119, 1119
1120, 1120
1121, 1121
1122, 1122
1123, 1123
1124, 1124
1125, 1125
1126, 1126
1127, 1127
1128, 1128
1129, 1129
1130, 1130
1131, 1131
1132, 1132
1133, 1133
1134, 1134
1135, 1135
1136, 1136
1137, 1137
1138, 1138
1139, 1139
1140, 1140
1141, 1141
1142, 1142
1143, 1143
1144, 1144
1145, 1145
1146, 1146
1147, 1147
1148, 1148
1149, 1149
1150, 1150
1151, 1151
1152, 1152
1153, 1153
1154, 1154
1155, 1155
1156, 1156
1157, 1157
1158, 1158
1159, 1159
1160, 1160
1161, 1161
1162, 1162
1163, 1163
1164, 1164
1165, 1165
1166, 1166
1167, 1167
1168, 1168
1169, 1169
1170, 1170
1171, 1171
1172, 1172
1173, 1173
1174, 1174
1175, 1175
1176, 1176
1177, 1177
1178, 1178
1179, 1179
1180, 1180
1181, 1181
1182, 1182
1183, 1183
1184, 1184
1185, 1185
1186, 1186
1187, 1187
1188, 1188
1189, 1189
1190, 1190
1191, 1191
1192, 1192
1193, 1193
1194, 1194
1195, 1195
1196, 1196
1197, 1197
1198, 1198
1199, 1199
1200, 1200
1201, 1201
1202, 1202
1203, 1203
1204, 1204
1205, 1205
1206, 1206
1207, 1207
1208, 1208
1209, 1209
1210, 1210
1211, 1211
1212, 1212
1213, 1213
1214, 1214
1215, 1215
1216, 1216
1217, 1217
1218, 1218
1219, 1219
1220, 1220
1221, 1221
1222, 1222
1223, 1223
1224, 1224
1225, 1225
1226, 1226
1227, 1227
1228, 1228
1229, 1229
1230, 1230
1231, 1231
1232, 1232
1233, 1233
1234, 1234
1235, 1235
1236, 1236
1237, 1237
1238, 1238
1239, 1239
1240, 1240
1241, 1241
1242, 1242
1243, 1243
1244, 1244
1245, 1245
1246, 1246
1247, 1247
1248, 1248
1249, 1249
1250, 1250
1251, 1251
1252, 1252
1253, 1253
1254, 1254
1255, 1255
1256, 1256
1257, 1257
1258, 1258
1259, 1259
1260, 1260
1261, 1261
1262, 1262
1263, 1263
1264, 1264
1265, 1265
1266, 1266
1267, 1267
1268, 1268
1269, 1269
1270, 1270
1271, 1271
1272, 1272
1273, 1273
1274, 1274
1275, 1275
1276, 1276
1277, 1277
1278, 1278
1279, 1279
1280, 1280
1281, 1281
1282, 1282
1283, 1283
1284, 1284
1285, 1285
1286, 1286
1287, 1287
1288, 1288
1289, 1289
1290, 1290
1291, 1291
1292, 1292
1293, 1293
1294, 1294
1295, 1295
1296, 1296
1297, 1297
1298, 1298
1299, 1299
1300, 1300
1301, 1301
1302, 1302
1303, 1303
1304, 1304
1305, 1305
1306, 1306
1307, 1307
1308, 1308
1309, 1309
1310, 1310
1311, 1311
1312, 1312
1313, 1313
1314, 1314
1315, 1315
1316, 1316
1317, 1317
1318, 1318
1319, 1319
1320, 1320
1321, 1321
1322, 1322
1323, 1323
1324, 1324
1325, 1325
1326, 1326
1327, 1327
1328, 1328
1329, 1329
1330, 1330
1331, 1331
1332, 1332
1333, 1333
1334, 1334
1335, 1335
1336, 1336
1337, 1337
1338, 1338
1339, 1339
1340, 1340
1341, 1341
1342, 1342
1343, 1343
1344, 1344
1345, 1345
1346, 1346
1347, 1347
1348, 1348
1349, 1349
1350, 1350
1351, 1351
1352, 1352
1353, 1353
1354, 1354
1355, 1355
1356, 1356
1357, 1357
1358, 1358
1359, 1359
1360, 1360
1361, 1361
1362, 1362
1363, 1363
1364, 1364
1365, 1365
1366, 1366
1367, 1367
1368, 1368
1369, 1369
1370, 1370
1371, 1371
1372, 1372
1373, 1373
1374, 1374
1375, 1375
1376, 1376
1377, 1377
1378, 1378
1379, 1379
1380, 1380
1381, 1381
1382, 1382
1383, 1383
1384, 1384
1385, 1385
1386, 1386
1387, 1387
1388, 1388
1389, 1389
1390, 1390
1391, 1391
1392, 1392
1393, 1393
1394, 1394
1395, 1395
1396, 1396
1397, 1397
1398, 1398
1399, 1399
1400, 1400
1401, 1401
1402, 1402
1403, 1403
1404, 1404
1405, 1405
1406, 1406
1407, 1407
1408, 1408
1409, 1409
1410, 1410
1411, 1411
1412, 1412
1413, 1413
1414, 1414
1415, 1415
1416, 1416
1417, 1417
1418, 1418
1419, 1419
1420, 1420
1421, 1421
1422, 1422
1423, 1423
1424, 1424
1425, 1425
1426, 1426
1427, 1427
1428, 1428
1429, 1429
1430, 1430
1431, 1431
1432, 1432
1433, 1433
1434, 1434
1435, 1435
1436, 1436
1437, 1437
1438, 1438
1439, 1439
1440, 1440
1441, 1441
1442, 1442
1443, 1443
1444, 1444
1445, 1445
1446, 1446
1447, 1447
1448, 1448
1449, 1449
1450, 1450
1451, 1451
1452, 1452
1453, 1453
1454, 1454
1455, 1455
1456, 1456
1457, 1457
1458, 1458
1459, 1459
1460, 1460
1461, 1461
1462, 1462
1463, 1463
1464, 1464
1465, 1465
1466, 1466
1467, 1467
1468, 1468
1469, 1469
1470, 1470
1471, 1471
1472, 1472
1473, 1473
1474, 1474
1475, 1475
1476, 1476
1477, 1477
1478, 1478
1479, 1479
1480, 1480
1481, 1481
1482, 1482
1483, 1483
1484, 1484
1485, 1485
1486, 1486
1487, 1487
1488, 1488
1489, 1489
1490, 1490
1491, 1491
1492, 1492
1493, 1493
1494, 1494
1495, 1495
1496, 1496
1497, 1497
1498, 1498
1499, 1499
1500, 1500
